kp = 1, ki = 0.1, kd = 5 r = 21
0
0
1
0
0
-2
-3
-5
-8
-6
-9
-7
-7
-6
-6
-5
-3
-2
-1
0
0
2
2
5
5
5
5
5
5
4
2
1
-1
-2
-6
-7
-11
-12
-11
-11
-11
-10
-9
-9
-8
-8
-7
-5
-6
-4
-4
-3
0
4
8
11
16
19
18
18
19
16
13
8
3
-5
-8
-13
-14
-14
-14
-13
-15
-14
-14
-14
-15
-13
-15
-15
-13
-13
-13
-12
-11
-11
-10
-7
0
2
11
21
25
32
36
34
36
37
37
29
17
-1
-13
-14
-14
-12
-13
-12
-12
-10
-13
-11
-10
-10
-11
-13
-12
-14
-10
-12
-10
-13
-13
-13
-13
-14
-13
-13
-15
-13
-13
-14
-13
-15
-13
-14
-14
-13
-13
-13
-14
-13
-14
-14
-13
-12
-12
-10
-3
1
13
24
34
40
41
42
42
42
40
27
3
-4
-14
-13
-13
-14
-12
-13
-11
-15
-11
-13
-12
-12
-12
-12
-13
-13
-15
-13
-14
-16
-14
-12
-15
-14
-15
-14
-15
-14
-15
-13
-15
-14
-13
-15
-15
-15
-14
-14
-12
-11
-8
