kp = 8, ki = 0, kd = 0 r = 29
0
0
-2
-1
1
3
5
-1
2
1
0
-2
-2
-1
2
-1
0
0
0
2
-2
-1
-1
3
1
1
-1
-3
-3
-5
-3
0
5
4
2
-3
-3
-4
-2
-1
0
3
3
-1
-4
-3
-4
-2
0
4
3
4
2
-2
-5
-5
-3
-3
0
3
0
-1
1
0
-1
0
-1
0
-1
-1
-1
-3
-1
-2
-1
1
0
-1
-2
-1
-3
0
4
7
5
3
-4
-10
-8
-7
-1
3
8
8
5
-1
-11
-12
-11
-10
3
20
21
18
0
-22
-21
-22
-23
-11
34
40
40
-15
-23
-15
-20
-21
-23
-8
28
41
39
13
-21
-17
-18
-20
-21
-22
-4
34
44
39
-4
-23
-15
-17
-22
-20
2
23
23
15
-19
-20
-21
-23
-21
14
40
43
32
-22
-17
-5
-15
-21
-21
-24
-20
17
36
40
30
-22
-21
-12
-21
-20
-22
-17
13
33
38
33
-12
-22
-20
-22
-22
-24
-8
29
42
39
12
-22
-19
-19
-20
-23
-22
-2
32
