-4
-4
-4
-4
-4
-4
-3
-1
1
6
14
22
28
29
28
24
20
16
14
12
11
11
11
10
11
11
12
12
13
14
13
13
13
12
12
12
12
12
12
12
11
11
11
12
11
11
11
11
10
11
10
10
9
9
9
8
8
8
8
8
7
7
7
7
7
7
6
6
6
6
6
6
5
5
5
4
4
4
3
2
-2
-4
-4
-3
2
9
12
11
10
12
22
29
38
47
50
51
53
54
54
52
52
51
52
52
52
54
54
55
55
54
54
54
53
52
51
50
49
48
47
46
45
43
42
41
40
39
38
38
38
37
38
38
38
38
39
39
40
40
41
41
41
41
41
41
41
41
41
42
43
43
44
45
46
48
48
49
51
51
51
51
51
51
51
50
50
50
49
50
50
50
49
49
50
50
50
51
51
52
54
54
54
54
53
53
52
50
46
43
38
33
27
20
14
9
4
0
-2
-4
-5
-6
-5
-6
-6
-6
-6
-6
-6
-6
-6
-6
-5
-3
0
6
9
6
0
-4
-6
-6
-6
-6
-6
-6
-6
-6
-6
-6
-5
-2
4
14
24
19
11
5
-1
