-3
-3
-4
-3
-4
-4
-3
-4
-4
-4
-3
-2
0
6
14
24
32
33
33
31
29
28
27
27
26
28
29
31
33
34
35
36
37
38
38
40
41
41
43
45
47
47
49
50
51
52
53
54
55
56
57
57
57
57
57
57
57
57
58
58
59
58
57
56
56
56
55
55
54
54
53
53
52
52
51
51
50
50
50
50
49
49
49
49
49
49
49
49
49
49
49
49
49
50
49
50
50
50
49
49
49
49
50
50
49
49
49
49
48
48
48
48
48
48
49
49
50
50
51
51
51
51
51
51
51
51
51
50
50
50
49
50
49
49
49
49
49
49
49
49
49
49
49
49
49
49
49
50
49
49
48
49
49
49
48
48
48
48
48
48
48
48
48
48
48
48
49
48
48
48
48
48
48
48
47
48
47
47
48
48
48
49
49
49
50
50
50
50
50
50
50
50
49
49
49
49
49
49
49
49
49
49
49
49
49
49
49
49
49
49
49
50
50
50
50
50
50
50
50
50
50
49
49
49
49
48
48
48
47
47
47
47
46
46
46
46
46
45
45
45
44
43
43
42
42
41
41
41
40
39
39
39
38
38
38
38
37
