kp = 1, ki = 0.3, kd = 0 r = 81
1
2
1
0
1
0
-1
0
-3
-3
-4
-5
1
4
7
12
11
4
-1
2
-5
-12
-13
-14
-15
-14
-6
0
1
4
8
7
-11
-19
-19
-21
-19
-20
-19
-18
-16
-17
-15
-16
-16
-16
-15
-14
-14
-13
-15
-15
-18
-27
-44
-58
-70
-71
-73
-72
-63
-31
-11
-9
-6
-6
-6
-12
-14
-16
-14
-18
-18
-16
-16
-18
-17
-19
-19
-19
-20
-22
-22
-24
-23
-23
-24
-25
-24
-23
-25
-26
-28
-30
-44
-62
-71
-75
-76
-61
-40
-26
-25
-25
-24
-24
-26
-26
-21
-23
-24
-21
-20
-16
-16
-17
-18
-16
-15
-19
-18
-17
-20
-17
-17
-18
-16
-17
-17
-17
-16
-14
-16
-16
-20
-17
-13
-11
-14
-13
-16
-16
-19
-19
-18
-30
-41
-54
-65
-76
-73
-64
-28
-17
-16
-15
-15
-15
-21
-53
-72
-75
-74
-71
-62
-36
-9
-9
-9
-14
-14
-11
-19
-17
-16
-21
-22
-22
-22
-22
-22
-23
-25
-23
-25
-26
-26
-28
-29
-27
-32
-43
-58
-72
-77
-75
