

sonar =298
298 296 289 281 280 282 278 273 265 265 267 263 259 265 259 259 257 259 255 255 257 255 251 249 251 247 243 247 247 241 241 243 237 237 236 235 233 228 228 225 229 227 225 221 220 220 220 217 212 219 213 211 212 213 209 204 211 209 209 203 204 205 199 203 198 195 195 191 190 190 190 190 190 185 185 183 183 181 179 179 174 174 175 170 172 166 166 164 164 162 157 157 157 158 156 149 149 149 147 147 145 143 143 138 139 139 137 137 135 135 130 130 121 121 126 126 

sonar =303
303 302 289 294 290 286 281 278 271 271 273 267 265 263 263 259 257 255 251 251 249 249 247 242 241 233 235 228 225 220 221 219 217 212 213 204 211 206 209 204 205 198 199 198 198 195 197 197 191 191 191 191 191 191 189 183 181 181 181 179 174 174 174 175 173 173 170 170 166 166 164 162 157 157 158 158 158 156 156 154 154 149 149 149 149 147 147 147 145 145 145 143 138 137 137 135 135 130 130 131 130 128 128 126 126 126 118 120 118 118 113 113 109 114 112 107 103 107 107 101 101 103 94 95 93 95 91 86 86 

sonar =297
297 294 289 286 273 271 273 267 267 263 259 259 257 255 251 251 251 243 247 241 244 241 241 233 233 235 229 228 225 225 221 221 219 221 212 212 213 211 209 209 204 205 199 203 198 198 195 197 190 191 190 190 190 190 190 190 190 189 189 184 185 185 189 174 185 183 181 183 174 174 174 174 174 174 174 174 425 425 425 425 425 425 425 425 425 425 147 147 138 138 137 137 137 137 135 130 131 131 130 128 126 126 121 121 122 118 113 112 112 109 109 107 103 103 101 99 94 95 86 91 86 77 78 78 77 74 

sonar =302
302 296 296 294 288 279 273 273 267 267 263 259 265 259 257 255 251 257 249 249 247 243 243 237 236 233 235 229 229 228 220 227 221 219 217 217 212 213 211 211 209 207 204 205 199 198 198 195 197 197 191 190 190 190 190 190 190 189 184 185 183 183 181 179 174 174 170 166 166 166 164 162 162 157 158 158 156 156 154 149 149 145 143 147 138 139 139 137 137 135 135 130 130 130 128 128 126 126 121 121 122 120 120 118 113 113 114 114 112 112 109 109 109 107 103 103 103 103 101 99 99 94 94 95 93 93 91 91 86 86 86 84 84 82 78 77 78 

sonar =290
290 290 281 280 273 271 265 265 259 259 255 251 255 251 249 247 243 247 241 241 236 237 235 233 228 228 225 227 225 220 221 217 212 217 213 211 212 209 204 204 205 205 203 199 198 198 195 197 197 191 195 190 190 190 190 190 190 189 184 184 184 185 183 183 181 179 174 174 175 173 173 170 170 166 166 164 164 162 157 158 158 156 154 154 149 149 149 147 147 138 139 138 137 135 139 130 130 130 128 126 121 121 122 122 120 118 118 113 114 112 112 109 109 107 103 103 103 101 101 99 93 95 95 93 91 86 84 86 82 84 82 77 72 74 67 72 67 65 63 65 59 57 55 57 51 50 49 46 44 40 44 44 38 40 40 40 38 38 38 

sonar =297
297 297 294 289 286 282 278 271 267 273 267 265 263 259 259 257 255 255 251 251 243 249 247 241 243 237 239 233 228 235 229 228 225 220 221 221 220 217 212 212 213 211 209 209 204 205 199 203 203 195 195 197 191 191 190 190 190 190 190 190 189 189 183 181 181 179 179 174 174 175 173 173 170 170 166 166 166 157 160 162 158 158 156 156 154 149 149 149 149 147 149 154 164 164 158 154 149 149 145 145 145 145 145 145 145 145 145 145 321 326 338 338 338 338 338 236 257 326 326 326 326 326 321 321 321 321 84 82 77 86 84 86 82 77 77 78 78 76 76 74 72 72 67 67 67 63 63 58 55 59 57 57 55 55 50 51 51 49 49 46 44 40 40 40 38 38 36 36 31 36 

sonar =263
263 259 255 251 247 243 235 233 228 235 229 229 228 225 220 221 221 219 217 217 212 213 213 211 209 206 204 204 205 199 203 198 195 199 197 191 195 190 190 190 190 189 185 185 183 181 179 179 174 170 166 173 166 164 164 162 162 157 158 156 156 154 149 149 147 147 145 143 138 138 139 137 135 135 130 130 128 121 122 120 114 118 112 109 107 107 103 103 101 101 94 94 95 93 91 86 84 82 82 77 78 76 76 74 72 67 65 63 65 65 59 63 58 55 57 51 50 49 46 49 49 40 44 44 38 38 40 40 31 31 36 36 31 31 30 30 32 32 30 30 30 30 31 31 32 32 31 46 51 57 50 38 