

sonar =172
190 233 326 326 326 757 921 933 925 939 947 947 947 947 954 956 962 326 326 326 326 321 321 321 328 328 328 326 326 326 326 326 326 326 326 332 332 345 345 978 1227 1263 1263 326 326 326 326 1046 

sonar =2550
2550 2550 2550 2550 2550 2550 2550 2550 2550 2550 2550 2550 2550 2550 2550 2550 2550 2550 2550 2550 2550 2550 2550 2550 2550 2550 2550 2550 2550 2550 2550 2550 2550 2550 2550 2550 2550 2550 2550 2550 2550 2550 2550 2550 2550 2550 2550 2550 2550 2550 2550 2550 

sonar =149
321 326 326 347 345 321 334 321 304 297 303 321 322 290 281 321 213 199 199 199 162 156 147 137 130 126 126 122 118 118 114 103 101 95 77 74 

sonar =114
229 273 329 326 326 242 219 220 220 212 211 209 199 197 190 190 190 184 181 174 166 164 157 156 149 143 137 130 121 118 113 109 103 103 93 95 86 86 78 76 67 65 

sonar =326
326 296 288 273 259 247 249 239 233 229 225 212 211 205 203 197 195 195 184 183 174 175 166 166 154 149 145 139 135 130 126 121 122 113 107 94 86 84 77 76 74 