

kp = 0.8, ki = 0, kd = 0
6 6 6 3 3 0 0 1 4 6 7 6 5 5 5 5 6 8 10 11 11 10 9 7 5 6 7 11 14 16 15 12 10 9 8 6 6 6 9 11 13 13 11 9 8 8 8 9 11 13 14 13 13 13 12 10 9 8 6 6 8 11 14 16 16 16 14 13 11 9 5 3 5 8 13 14 14 12 10 9 8 9 13 16 15 14 11 9 9 10 11 13 14 14 13 12 11 11 11 12 12 12 14 13 11 11 10 10 9 9 8 9 11 13 14 13 13 10 9 8 9 10 12 13 13 12 10 7 4 6 10 13 15 14 9 5 3 3 6 9 13 11 9 8 7 8 

kp = 0.8, ki = 0, kd = 0.1
22 22 19 12 4 0 -2 -2 1 5 8 8 6 5 4 4 6 7 9 10 10 9 6 5 6 8 11 13 12 10 8 6 6 6 9 11 12 11 10 9 7 8 8 10 11 13 13 14 14 14 12 9 7 6 6 6 9 12 15 17 15 14 12 12 11 11 11 11 12 13 14 14 13 13 12 11 11 10 9 9 9 8 9 10 12 14 14 13 12 11 10 10 10 10 11 12 13 13 12 10 9 8 9 10 12 14 14 13 12 12 10 9 8 8 10 13 16 16 16 15 15 14 13 12 12 12 11 11 10 10 10 11 13 13 11 7 4 5 8 12 13 11 6 3 2 5 8 10 9 8 7 6 6 6 7 

kp = 0.8, ki = 0, kd = 0.2
29 29 21 9 -5 -8 -8 -8 -6 -3 1 3 5 4 3 3 3 4 6 6 9 9 7 6 7 9 10 11 11 10 10 9 9 9 10 11 13 12 13 12 11 11 11 11 11 11 12 13 12 13 13 13 12 11 9 8 8 8 7 8 10 13 14 15 15 14 14 14 11 9 7 5 3 5 8 12 14 15 14 11 9 8 7 8 10 12 13 13 11 10 9 9 9 11 13 14 14 14 14 12 12 12 13 14 16 17 18 16 11 6 4 3 4 6 11 16 19 19 17 14 10 6 4 4 4 6 11 17 21 21 20 15 5 -2 -5 -5 -2 8 19 22 19 13 6 0 -3 -4 -2 3 10 13 12 10 8 6 5 5 

kp = 0.8, ki = 0, kd = 0.4
15 15 13 6 1 -2 -2 -2 1 7 10 9 8 6 5 5 6 6 7 8 9 9 9 9 7 5 3 4 6 10 12 12 11 9 7 6 6 8 9 11 13 14 14 13 13 13 12 10 8 7 7 8 9 8 8 10 12 14 14 13 11 11 10 10 9 9 11 13 17 18 17 15 14 12 10 9 9 9 8 9 12 15 16 16 16 15 13 8 5 4 3 3 6 11 17 20 20 19 18 14 6 1 0 1 3 6 13 20 22 21 18 15 6 -1 -3 -4 -2 3 13 21 22 22 20 15 6 -1 -4 -5 -2 7 19 25 24 19 9 3 -1 -3 -3 2 11 18 19 16 10 6 3 1 -1 0 

kp = 0.8, ki = 0, kd = 0.8
24 23 19 11 3 -4 -8 -9 -8 -6 -2 3 6 7 7 6 3 3 3 4 5 6 6 7 9 11 11 11 9 7 6 4 3 4 7 9 13 14 16 15 13 11 10 9 9 9 10 10 12 14 15 16 16 15 16 15 14 12 10 7 5 5 5 5 7 11 16 19 21 21 18 13 7 0 -4 -5 -5 -1 8 15 20 22 20 17 13 7 0 -5 -7 -6 -1 6 14 19 22 22 22 20 10 0 -5 -6 -5 -3 5 17 26 28 28 28 26 15 1 -5 -7 -7 -6 0 13 24 29 32 30 26 14 -2 -8 -9 -8 -9 -5 6 20 32 36 34 27 9 -8 -8 -9 -9 -9 -9 -7 -2 5 14 19 20 17 11 5 -1 -3 -5 

kp = 0.8, ki = 0, kd = 1
-2 -2 -2 0 3 4 6 6 6 6 5 4 4 4 5 5 7 9 9 10 10 11 10 9 9 8 7 5 4 4 7 10 12 14 14 13 10 9 8 7 7 8 9 11 13 14 14 15 16 17 14 11 6 2 0 0 0 2 7 14 21 23 25 25 22 6 -5 -8 -9 -9 -8 0 15 28 36 37 34 27 12 -2 -9 -9 -9 -9 -5 6 19 28 34 35 33 29 16 0 -7 -9 -10 -10 -8 -2 9 19 28 32 32 29 24 10 -2 -7 -9 -9 -8 -4 7 20 29 35 34 31 22 3 -7 -9 -9 -9 -8 -3 11 25 39 45 41 25 -8 -7 2 4 1 -2 -2 -3 -4 -5 -7 -8 -8 -9 -10 -10 -10 -10 -10 -9 -7 

kp = 0.8, ki = 0, kd = 1.3
-1 -2 -1 1 4 7 9 10 10 9 7 6 5 3 4 6 9 12 15 18 17 13 10 8 4 2 1 1 1 3 6 13 19 23 24 22 20 14 1 -6 -8 -9 -9 -7 0 15 27 36 39 37 33 23 -1 -8 -8 -8 -9 -9 -8 -3 3 15 26 31 33 32 28 17 2 -7 -10 -10 -10 -9 -5 2 12 24 34 37 36 34 25 3 -7 -10 -9 -10 -10 -9 -5 2 16 30 38 40 40 38 21 -3 -9 -9 -9 -9 -9 -8 -7 -2 11 29 40 47 47 44 26 -8 -8 -6 0 -4 -7 -7 -7 -8 -8 -8 -8 -9 -8 -5 2 14 27 36 37 32 20 -4 -10 -9 -9 -9 -10 -9 -9 -9 -7 -3 3 12 21 26 26 21 

kp = 0.8, ki = 0, kd = 1.5
11 11 10 8 3 0 -2 -3 -2 2 7 13 17 19 18 13 7 2 -4 -7 -7 -7 -5 1 9 18 26 33 32 28 21 3 -8 -9 -9 -9 -9 -9 -7 -4 3 17 30 38 41 39 35 17 -7 -9 -8 -8 -9 -9 -9 -9 -8 -4 5 17 33 41 42 40 37 23 -2 -9 -9 -9 -10 -10 -9 -9 -7 -1 10 22 32 37 38 36 32 19 -2 -9 -10 -10 -10 -10 -9 -6 1 13 29 38 41 41 41 30 2 -9 -9 -8 -8 -9 -9 -9 -9 -9 -5 4 20 39 50 52 51 51 16 -9 -7 35 39 6 3 46 59 52 49 56 54 52 52 56 53 52 51 53 49 49 47 45 43 43 44 45 46 46 48 49 51 54 

kp = 0.8, ki = 0, kd = 1.7
9 9 7 6 2 -1 -4 -5 -4 -2 2 7 13 17 20 20 17 13 7 -3 -8 -9 -10 -10 -9 -2 14 31 44 49 48 46 37 -3 -9 0 39 24 -2 -2 37 54 33 12 58 63 58 57 65 62 58 60 55 53 52 49 46 49 50 50 51 53 53 53 53 52 52 53 52 52 50 9 -9 -2 36 32 26 39 50 49 46 48 51 51 51 55 58 60 63 68 70 69 66 59 55 49 49 48 49 49 42 5 -9 3 52 41 6 6 57 61 58 55 62 61 59 61 58 55 56 54 49 46 50 51 51 52 54 53 53 52 53 55 52 53 53 38 -8 -9 28 45 44 45 46 48 49 49 

kp = 0.8, ki = 0, kd = 2
20 20 16 9 1 -7 -9 -10 -10 -10 -9 -9 -7 -2 6 21 33 42 46 45 41 20 -10 -10 27 48 11 -7 -8 -6 -4 -5 -8 -9 -9 -9 -9 -9 -8 -5 5 21 39 47 48 47 49 42 10 -8 -4 50 44 0 -7 -2 7 1 -6 -7 -7 -7 -9 -9 -10 -10 -10 -9 -7 0 11 25 37 42 42 41 43 38 22 2 -9 -8 -3 -5 -8 -9 -10 -9 -10 -9 -7 -2 11 31 45 51 50 49 52 37 2 -9 17 56 52 6 4 31 45 19 11 52 68 60 63 66 55 60 60 59 57 55 51 48 49 49 45 45 46 45 45 46 46 48 49 50 53 55 54 55 54 24 -9 -7 22 39 44 50 46 48 