
kp = 0, ki = 0, kd = 0
25 27 26 30 35 37 39 42 44 43 44 49 52 52 51 51 51 51 49 49 48 47 47 46 47 46 46 46 46 46 45 45 44 44 45 45 45 45 45 45 46 46 46 44 42 40 40 39 41 43 43 42 42 42 42 41 41 40 39 37 36 36 36 38 38 39 40 41 41 42 43 44 45 46 47 48 49 51 53 55 58 60 62 65 65 67 67 68 68 70 72 74 76 79 85 85 85 85 85 85 85 85 76 24 -3 -8 -8 -8 -8 -8 -8 -8 -7 -7 -7 -7 -7 -7 -8 -7 -7 -7 -7 -7 -7 -7 -7 -7 -7 -7 -7 -7 -7 -7 -7 -7 -7 -7 -8 -8 -7 -7 -6 -6 -6 -6 -6 -6 -7 -6 -6 -6 -6 -6 -6 -6 -6 -7 -7 -7 -6 -6 -5 -5 -5 -5

kp = 0.1, ki = 0, kd = 0
22 22 22 19 20 21 21 21 22 22 22 22 23 23 24 26 27 27 28 29 30 32 34 36 36 35 38 42 44 44 44 45 45 45 46 46 46 46 47 47 47 47 48 47 46 46 46 46 45 45 45 45 44 45 45 45 45 45 45 45 45 46 46 46 46 46 47 46 46 45 43 41 41 41 42 43 43 43 43 42 42 41 41 41 40 40 40 40 41 42 42 43 44 46 46 47 49 49 50 52 52 55 57 58 61 65 68 67 68 67 62 65 70 70 70 71 71 73 76 79 82 80 66 38 11 -4 -9 -8 -8 -7 -7 -7 -7 -7 -7 -7 -7 -7 -8 -8 -8 -8 -7 -7 -7 -7 -7 -7 -7 -7 -7 -8 -8 -8 -7

kp = 0.2, ki = 0, kd = 0
3 3 1 3 5 7 9 11 12 12 12 15 15 17 17 20 21 22 23 24 25 27 29 30 33 34 35 34 35 37 40 41 40 40 40 40 40 40 41 41 40 41 41 41 41 41 40 41 41 41 42 42 44 44 45 46 47 48 48 48 49 48 47 47 47 46 46 47 46 46 46 46 45 45 45 45 44 45 45 45 46 45 45 44 45 45 44 44 44 44 44 45 45 45 45 45 45 45 45 45 45 44 45 45 45 45 47 47 48 49 49 48 47 47 47 46 47 47 48 48 49 49 50 50 51 52 52 52 52 52 52 53 54 54 55 55 54 54 54 55 55 55 54 50 46 42 39 33 28 22 18 17 18

kp = 0.4, ki = 0, kd = 0
37 37 34 30 25 18 12 6 3 2 3 6 9 11 11 11 10 10 10 11 14 15 17 18 19 18 17 17 20 23 24 24 23 23 22 23 22 23 24 24 24 24 23 22 22 22 21 20 19 19 18 18 19 19 20 22 23 23 23 22 21 20 19 18 18 18 18 18 19 19 19 20 21 22 22 22 21 21 21 20 19 20 21 22 22 22 22 23 25 26 27 28 28 28 28 28 26 26 25 25 24 22 21 20 21 22 23 23 23 23 22 22 21 22 22 22 22 23 23 24 24 24 24 24 22 21 21 20 20 21 22 22 22 21 20 20 20 21 20 18 16 16 18 18 19 18 17 17 17 18 18 18 18 18

kp = 0.8, ki = 0, kd = 0
1 0 0 0 3 8 11 10 7 5 5 5 6 7 7 7 6 7 7 7 6 6 7 8 9 9 9 8 7 5 5 8 12 14 13 11 10 9 10 9 9 9 9 9 9 8 8 8 9 11 12 13 12 11 10 10 11 12 13 13 13 13 13 12 11 11 11 11 11 12 13 14 14 14 12 12 12 12 12 12 11 11 10 10 11 11 11 11 11 10 11 11 12 13 13 12 11 9 9 10 11 11 12 12 11 11 11 12 13 13 13 13 13 12 10 8 7 8 10 11 14 15 15 12 9 8 8 10 13 15 16 15 12 10 9 9 11 13 13 12 9 6 5 4 6 11 16 14 9 5 1 1 4 9

kp = 1, ki = 0, kd = 0
2 2 1 0 2 4 4 4 4 5 5 6 6 7 7 7 7 7 7 7 6 5 5 8 12 12 9 7 6 5 5 7 10 13 13 13 11 9 8 9 8 8 8 9 10 12 13 13 12 11 11 11 10 9 8 7 6 5 4 6 8 11 12 11 9 5 6 7 9 11 11 10 8 6 5 5 8 11 11 10 8 6 6 7 9 10 10 10 8 6 6 7 9 11 13 13 13 14 13 11 9 7 7 9 9 9 11 12 13 12 11 8 7 7 8 10 12 12 10 8 6 5 5 8 11 14 14 12 8 3 -1 -1 3 11 18 19 11 0 -5 -6 -4 5 15 16 9 2 -3 -3 1 6 9 9 6 4 3 3

kp = 1.3, ki = 0, kd = 0
0 0 0 2 6 9 7 4 3 3 3 6 9 10 9 6 3 2 4 6 9 10 7 1 -2 0 6 13 14 10 4 -1 -3 -3 2 11 16 13 7 2 -2 -3 -1 7 15 16 12 7 0 -3 -3 0 9 17 16 11 6 -1 -4 -3 1 10 16 14 11 9 3 0 -1 1 6 14 17 12 7 4 3 2 2 5 10 14 14 11 8 2 -2 -4 -1 6 15 17 13 7 1 -3 -4 0 9 18 19 15 9 -1 -6 -6 -2 8 20 20 14 4 -4 -7 -6 0 14 25 19 7 -5 -8 -8 -2 17 31 20 1 -8 -9 -9 -5 19 39 25 -2 -8 -9 -9 -8 -1 14 22 17 7 -5 -8 -9 -4 9 19 14 5 -4

kp = 1.5, ki = 0, kd = 0
6 6 2 -2 -3 -1 4 8 7 3 -1 -2 -1 4 9 9 5 0 -3 -2 3 9 11 8 4 1 -1 -2 1 9 15 12 6 0 -4 -4 -1 11 23 18 7 -4 -7 -7 -3 14 27 18 7 -7 -9 -8 -5 28 25 -1 -9 -9 -10 -8 0 14 22 15 -5 -9 -10 -7 6 23 22 12 0 -8 -9 -7 3 21 24 17 2 -9 -9 -8 2 22 26 20 1 -9 -9 -8 1 22 29 22 4 -9 -10 -9 -5 15 30 26 14 -8 -8 -9 -8 -6 8 25 28 14 -7 -8 -8 -9 -7 5 28 33 11 -9 -8 -9 -9 -9 -7 2 17 22 13 -2 -10 -10 -9 -3 15 22 14 1 -7 -9 -8 -2 20 24

kp = 2, ki = 0, kd = 0
-7 -7 -7 -4 8 21 14 -1 -9 -10 -9 -1 20 29 19 -8 -8 -7 -9 -10 -9 1 30 39 22 -8 15 35 37 54 51 45 45 48 50 48 52 52 52 53 53 53 54 54 54 54 54 53 53 53 52 52 52 52 52 52 52 51 51 51 50 50 50 50 49 49 48 49 48 48 47 47 46 45 44 40 38 35 43 49 49 47 46 45 45 44 45 46 46 47 48 49 49 51 52 50 47 43 36 28 42 65 66 60 61 62 61 60 64 63 59 56 53 47 39 32 47 54 53 49 48 48 46 45 47 47 46 46 47 47 47 47 47 47 47 48 49 50 51 51 51 51 50 49 48 47 46 45 42 40 37 36 47 49 45 43 45
