

kp = 0, ki = 0, kd = 0
7 6 6 6 6 11 15 18 21 23 23 25 27 28 27 27 27 28 28 27 28 28 28 29 29 29 29 29 29 30 30 31 32 33 33 33 34 34 35 36 36 36 37 37 37 38 38 39 39 38 38 39 39 38 38 38 38 38 39 38 38 37 36 38 39 39 39 40 40 41 41 41 41 42 42 42 44 44 44 44 44 44 44 44 44 44 44 44 44 45 45 45 45 45 46 46 46 46 46 46 46 48 49 50 51 51 52 53 53 54 54 54 56 56 57 58 60 60 61 61 61 60 58 60 65 67 66 65 64 63 63 63 63 64 65 66 67 68 69 69 70 70 71 72 73 75 76 76

kp = 0.1, ki = 0, kd = 0
-5 -5 -5 -5 -5 -2 -2 -1 2 4 5 5 5 5 5 5 5 5 4 4 4 3 3 3 3 3 4 4 4 4 5 6 6 6 7 8 7 8 8 9 9 9 10 10 11 11 11 11 11 12 12 12 12 13 13 13 13 14 14 14 14 14 14 14 14 15 15 16 16 17 17 18 19 19 20 21 22 22 22 23 23 24 25 25 26 25 25 26 26 26 27 26 26 25 26 25 25 24 23 23 22 21 20 19 19 19 19 19 19 19 19 20 20 20 20 21 20 20 19 19 19 19 19 19 19 18 19 19 19 19 19 17 15 17 18 17 17 16 16 16 16 17 17 17 17 18 19 19 20 21 23

kp = 0.2, ki = 0, kd = 0
-7 -7 -7 -8 -8 -9 -9 -8 -9 -8 -8 -8 -8 -8 -8 -9 -8 -8 -8 -8 -8 -8 -9 -9 -9 -9 -9 -9 -9 -9 -8 -8 -7 -5 -4 -3 -2 0 1 2 3 5 7 8 9 10 11 13 14 14 15 16 17 17 17 18 19 19 20 21 21 20 19 19 19 19 20 21 21 21 21 22 22 22 22 23 23 23 23 23 23 23 24 25 25 25 24 25 24 24 23 23 22 21 20 19 17 16 15 14 13 12 12 11 10 9 9 9 9 9 9 9 9 9 10 10 10 9 9 8 7 8 8 7 7 7 7 7 7 7 7 7 6 6 6 6 6 5 4 4 5 6 6 6 6 6 5 4 6 9 11 11 10 10 10 11 12 12

kp = 0.4, ki = 0, kd = 0
51 50 46 44 37 26 13 1 -4 -6 -6 -5 -4 -4 -5 -5 -5 -4 -3 -4 -4 -4 -4 -4 -3 -2 -3 -3 -3 -2 -2 -2 -2 -2 -1 -1 -1 -1 -2 -1 -1 -2 -2 -2 -1 -1 -1 -1 0 0 1 1 1 1 1 1 1 1 1 2 2 3 3 3 4 4 4 5 6 6 6 6 6 6 6 7 8 8 8 8 8 8 8 8 8 8 8 8 7 6 6 6 6 5 3 3 3 3 2 2 2 2 2 2 1 2 2 2 1 2 3 3 2 3 3 3 3 3 3 2 3 3 2 2 3 3 3 3 3 3 3 2 3 3 3 3 2 1 2 3 3 3 3 4 4 5 4 3 5 8 9 7 6 7 8 8 8 8

kp = 0.8, ki = 0, kd = 0
20 19 14 4 -2 -2 -3 0 5 7 4 2 1 0 0 1 2 1 0 0 2 3 2 1 1 1 1 2 2 1 2 2 2 1 1 2 2 3 2 1 1 2 2 2 2 2 2 2 2 2 3 2 2 2 2 2 1 1 2 3 3 3 3 3 3 3 3 3 3 4 4 4 4 4 4 4 4 4 4 5 5 5 4 4 4 4 4 3 3 2 3 2 2 1 1 1 1 2 2 1 1 0 0 0 1 1 1 1 1 2 2 2 1 1 2 3 3 2 1 1 2 1 1 2 2 2 2 2 2 2 2 2 2 2 1 1 1 2 3 2 2 2 3 3 3 3 3 3 3 3 1 2 4 7 8 5 3

kp = 1, ki = 0, kd = 0
29 28 20 6 -7 -8 -9 -7 -2 6 6 4 -1 -4 -4 -3 0 2 3 1 -2 -3 -2 -1 0 1 1 -1 -2 -1 0 1 0 0 1 1 0 0 0 0 0 0 0 1 1 1 1 0 1 1 1 1 1 1 1 1 1 1 2 2 2 2 2 2 3 3 3 3 3 3 3 3 3 3 4 4 4 4 4 4 3 3 4 4 4 3 2 1 1 2 2 1 1 0 0 0 0 1 1 1 0 0 0 1 1 1 1 1 1 1 1 1 2 2 1 1 1 1 1 1 1 1 1 2 2 1 1 1 1 2 2 2 2 0 0 1 1 2 2 3 3 3 2 1 0 2 5 6 5 3 2 2 3 4 5 6 5 4 3 3

kp = 1.3, ki = 0, kd = 0
3 3 1 0 -1 0 1 2 2 1 0 0 0 0 2 2 1 -1 -2 0 5 6 3 0 -1 -1 2 5 5 2 -1 -2 -1 1 3 3 1 1 0 1 1 2 3 2 1 1 1 1 1 1 1 1 1 1 2 2 2 2 2 2 3 3 3 3 3 2 3 3 3 3 3 4 4 4 3 2 2 3 4 3 2 1 1 1 1 1 0 0 1 1 1 1 1 0 -1 -1 0 1 2 2 1 0 0 0 1 2 2 2 1 1 0 0 1 1 1 1 1 1 1 1 1 1 1 1 1 1 2 1 1 0 0 1 1 2 2 2 2 2 2 2 3 3 2 1 2 3 4 4 3 2 2 3 2 2 3 4 5

kp = 1.5, ki = 0, kd = 0
15 14 7 -3 -8 -8 -7 0 11 9 0 -7 -8 -6 -1 9 11 1 -7 -7 -6 0 6 8 3 -4 -6 -4 2 8 8 1 -5 -6 -4 1 5 6 3 -1 -3 -2 1 3 3 2 0 -1 -1 0 1 2 1 1 0 1 2 2 2 2 2 2 2 2 1 1 2 3 4 3 2 1 2 3 4 3 1 1 1 2 3 3 1 0 0 0 1 1 1 1 0 0 0 0 0 1 1 0 -1 0 1 1 1 1 0 0 0 1 2 2 1 -1 0 1 2 1 1 0 0 1 1 2 2 1 0 0 1 1 1 1 1 1 1 1 1 1 2 2 2 1 1 3 3 3 1 1 2 3 1 1 3 6 6 3 0 -1 0

kp = 2, ki = 0, kd = 0
40 40 39 33 4 -9 -1 -5 -7 -7 -8 -9 -8 -9 -7 5 33 32 -6 -8 -2 -2 -8 -7 -8 -8 -9 -9 -4 17 33 15 -9 -8 -7 -9 -10 -10 -9 0 19 25 10 -9 -9 -10 -10 -9 -2 12 22 15 -4 -10 -10 -10 -8 3 19 19 4 -9 -10 -10 -10 -3 14 23 14 -5 -9 -10 -10 -8 1 15 19 9 -6 -9 -10 -9 -1 19 24 10 -8 -9 -9 -10 -7 5 21 19 5 -9 -9 -10 -9 -1 18 22 8 -8 -9 -9 -10 -7 5 19 20 3 -9 -9 -9 -9 -5 9 22 19 0 -9 -10 -9 -9 -6 5 22 20 0 -8 -8 -9 -8 -6 4 20 20 1 -8 -7 -8 -8 -7 1 18 22 8 -8 -8 -9 -9 -6 6 23 23 7
